
%Definimos las matrices:
a = [1 2 3 3;2 2 0 0;5 6 3 1;0 2 0 5]
b = [1 2 3 3;-1 2 0 0;5 6 3 1;0 2 0 5]

%Se crea C
c = 2*a - 3*b

%Se crea D
d = a^2

%Se crea E
e = b-3